1015
1013
1014
1013
1014
1012
1015
1010
1013
1014
1011
1016
1012
1014
1013
1015
1014
1014
1012
1016
1014
1014
1014
1015
1012
1014
1012
1015
1012
1014
1013
1012
1011
1013
1014
1013
1014
1014
1014
1012
1017
1011
1014
1013
1014
1013
1013
1016
1012
1014
1015
1013
1015
1015
1013
1013
1012
1014
1013
1016
1017
1013
1015
1011
1017
1012
1014
1014
1014
1014
1015
1017
1020
1015
1014
12331
12331
1015
1015
2091
2091
1017
1013
1013
1012
1013
1015
1014
17742
17742
1012
1013
1012
1015
1014
1012
1016
1011
1014
1011
2309
2309
1014
1012
1011
1012
1014
1014
1014
1014
1014
1015
1012
1016
1018
1014
1014
1013
1013
1015
1016
1014
0
0
1014
1013
1015
1014
1015
1011
2057
2057
1011
1013
1013
1012
1012
1011
1013
1009
1012
1013
1011
1540
1323
1329
1329
1324
1326
1323
1327
1330
1321
1324
1325
1327
1327
1325
1327
1326
1325
1326
1326
1326
1328
1326
1324
1323
1323
1325
1327
1328
1330
1327
1327
1325
1325
1328
1324
1327
1326
1328
1323
1326
1325
1324
1328
1326
1327
1325
1323
1328
1328
1326
1322
1328
1324
1328
1325
1324
1322
1326
1325
1324
1330
1325
1325
1325
1326
1324
1324
1324
1324
1327
1326
1322
1329
1322
849
849
1327
1327
1326
1329
1326
1328
1326
1325
1326
1325
1324
1326
1328
1324
1322
1320
1325
1323
1323
1326
1327
1321
65278
65278
1325
1326
1325
1301
1326
1327
1325
1327
1328
1322
1325
1324
1325
1323
1325
1326
1325
1328
1325
1328
1326
1325
1325
1326
1323
1325
1323
1327
1324
1325
1327
1324
1326
1326
1328
1327
1325
1327
1325
1323
1323
1327
1326
1326
1323
1325
1326
1326
1324
1326
1324
1324
1322
1327
1330
1326
1328
1324
1324
1328
1324
1324
1327
1327
1321
1327
1325
1326
1326
1324
1324
1322
1322
1327
1323
1324
1330
1322
1326
1324
1322
1324
1328
1327
1323
1326
1325
1325
1325
1328
1324
1326
1327
1323
1325
0
0
1324
1326
1326
1325
1325
1323
1324
1325
1326
1327
1332
1327
1327
1326
1326
1322
1328
1328
1325
1328
1325
1324
1325
1328
1326
1325
1325
1324
1329
1327
1327
1320
1329
1325
1329
1324
1326
1326
1327
1327
1794
1797
1798
1797
1795
1793
1796
1793
1801
1792
1796
2164
1797
1797
1793
1792
1793
1796
1795
1796
1794
1797
1794
1795
1799
1796
1837
1844
1841
1839
1837
1839
1842
1843
1841
1841
1849
1838
1843
1842
1843
1843
1846
1843
1847
1841
1843
1845
1848
1842
1842
1841
1840
1841
1847
1843
1840
1850
1835
1843
1843
1842
1840
1836
1844
1850
1837
1840
1839
1841
1839
1838
1840
1842
1843
1846
1842
1843
1849
1843
1844
1841
1841
1840
1837
1840
1836
1840
1847
1839
1841
1843
1841
1840
1847
1845
1843
15459
15459
1841
1841
1842
1839
1847
1843
1840
1840
1837
1843
1840
1843
1843
1843
1840
1845
1838
1838
1846
1839
1842
1839
1840
1841
1840
1841
1846
1837
1845
1841
65003
65003
1838
1841
1843
1840
1843
1842
1842
1844
1841
1843
1842
1841
